%YAML:1.0
---
R: !!opencv-matrix
   rows: 3
   cols: 3
   dt: d
   data: [ 9.9992882105173320e-01, -2.4332142102921283e-04,
       -1.1928689147470447e-02, 3.1638968986045889e-04,
       9.9998119858150414e-01, 6.1239187668221361e-03,
       1.1926974790577067e-02, -6.1272569869848508e-03,
       9.9991009795589147e-01 ]
T: !!opencv-matrix
   rows: 3
   cols: 1
   dt: d
   data: [ -2.7332265090213390e+00, -9.2099418135214613e-03,
       -2.4202704632677902e-02 ]
Rl: !!opencv-matrix
   rows: 3
   cols: 3
   dt: d
   data: [ 9.9999061924672572e-01, 3.0718431306432218e-03,
       -3.0537187707742274e-03, -3.0624468445929489e-03,
       9.9999057692722626e-01, 3.0769264010506621e-03,
       3.0631418305885811e-03, -3.0675456857494178e-03,
       9.9999060361864966e-01 ]
Rr: !!opencv-matrix
   rows: 3
   cols: 3
   dt: d
   data: [ 9.9995512038289569e-01, 3.3694713718328013e-03,
       8.8545966990665019e-03, -3.3422516896088822e-03,
       9.9998964960662151e-01, -3.0870751966301183e-03,
       -8.8649068620051986e-03, 3.0573423590990610e-03,
       9.9995603207542438e-01 ]
Pl: !!opencv-matrix
   rows: 3
   cols: 4
   dt: d
   data: [ 9.0730633098455201e+02, 0., 3.1108069992065430e+02, 0., 0.,
       9.0730633098455201e+02, 2.2320671272277832e+02, 0., 0., 0., 1.,
       0. ]
Pr: !!opencv-matrix
   rows: 3
   cols: 4
   dt: d
   data: [ 9.0730633098455201e+02, 0., 3.1108069992065430e+02,
       -2.4799850164278282e+03, 0., 9.0730633098455201e+02,
       2.2320671272277832e+02, 0., 0., 0., 1., 0. ]
Q: !!opencv-matrix
   rows: 4
   cols: 4
   dt: d
   data: [ 1., 0., 0., -3.1108069992065430e+02, 0., 1., 0.,
       -2.2320671272277832e+02, 0., 0., 0., 9.0730633098455201e+02, 0.,
       0., 3.6585153739817211e-01, 0. ]
