%YAML:1.0
---
L_cameraMatrix: !!opencv-matrix
   rows: 3
   cols: 3
   dt: d
   data: [ 9.0852097946021456e+02, 0., 2.9724697774939762e+02, 0.,
       9.0865424047062857e+02, 2.5078885170169309e+02, 0., 0., 1. ]
L_cameraDistcoeffs: !!opencv-matrix
   rows: 1
   cols: 5
   dt: d
   data: [ -4.5492815113866852e-01, 1.3986370219397390e-01,
       1.3599355860643798e-03, 8.6340659511748225e-04,
       7.0220525592300642e-01 ]
R_cameraMatrix: !!opencv-matrix
   rows: 3
   cols: 3
   dt: d
   data: [ 9.0626762039368975e+02, 0., 3.3391133970032087e+02, 0.,
       9.0595842149847556e+02, 1.9888938115614891e+02, 0., 0., 1. ]
R_cameraDistcoeffs: !!opencv-matrix
   rows: 1
   cols: 5
   dt: d
   data: [ -4.1355528436673616e-01, -3.1579491587637654e-01,
       3.2405462456763165e-03, -3.1562548868821700e-03,
       1.5678921342840972e+00 ]
